20 0.17907500579471045
40 0.1884819352277561
60 0.220237752774562
80 0.24132602155996397
100 0.36253801016908227
120 0.3938089005571696
140 0.4762497218333848
160 0.5040141899472199
180 0.5381217811677668
200 0.571656277968025
220 0.5870229269657321
240 0.5866671389217185
260 0.5993577766893483
280 0.5962850026889678
300 0.6045615189205155
320 0.5991711013393435
340 0.6090938670627818
360 0.6168673325239152
380 0.6330046950871908
400 0.6283556117726878
420 0.6402373494805803
440 0.6448718016962715
460 0.6514317308507555
480 0.6551678026654275
500 0.6591822543965984
520 0.6602901293669589
540 0.6604525638201107
560 0.6673264215847943
580 0.6698726499821268
600 0.6714492405458244
620 0.6716646752002711
640 0.6820951675536757
660 0.678539730558137
680 0.676315103618043
700 0.6814495686257378
720 0.6815842779244099
740 0.6789663810943937
760 0.6831842023816438
780 0.6873602590437377
800 0.6857723508053333
820 0.6876114413007292
840 0.6875427526482523
860 0.6930832604072104
880 0.6929787381753331
900 0.6939055220610739
920 0.6996469936703922
940 0.7044375789504003
960 0.705341681557932
980 0.710747485003961
1000 0.7097294180418365
1020 0.7118982351259039
1040 0.7152661572078987
1060 0.7199333698735731
1080 0.7158464669879451
1100 0.7184782809271577
1120 0.7174422755179236
1140 0.7185381057812601
1160 0.7196150383782789
1180 0.7205104838140279
1200 0.7206122465682793
1220 0.7287266652880532
1240 0.7316476193964708
1260 0.7322262995751648
1280 0.7320221330020426
1300 0.7331590400426644
1320 0.7331766786788583
1340 0.7357231085348525
1360 0.7370530539113841
1380 0.7362660157720635
1400 0.7334184902560975
1420 0.7316068846050826
1440 0.7367173489967883
1460 0.7379761980474044
1480 0.742217186232731
1500 0.7448841214782062
1520 0.7487246139968913
1540 0.7491355456521489
1560 0.7511523166838245
1580 0.7496726781924062
1600 0.749938420071569
1620 0.7481188561916207
1640 0.7494878685047627
1660 0.751265514287426
1680 0.7528814208106652
1700 0.7552281251135065
1720 0.7545355286970046
1740 0.7564287605770696
1760 0.7548281192685345
1780 0.7536815832581173
1800 0.7555093579917782
1820 0.7558050212637335
1840 0.7583348401512637
1860 0.7544027709202825
1880 0.7538215471973428
1900 0.7541753532492819
1920 0.7542287000883063
1940 0.758432975256888
1960 0.7569388046964208
1980 0.7567896169594205
2000 0.7584285525040987
2020 0.7561440923288402
2040 0.7558276390213029
2060 0.7560569666092766
2080 0.7566716884241365
2100 0.7589313823318482
2120 0.760764708611049
2140 0.7610969647165501
2160 0.7618449155596987
2180 0.7657997512118949
2200 0.7660144311096219
2220 0.7649044503452547
2240 0.7633682821087752
2260 0.7642880213890154
2280 0.764077432083528
2300 0.7653556007402958
2320 0.7652995872998518
2340 0.7674826675196722
2360 0.7658374242250189
2380 0.7669284117789732
2400 0.7687004539196822
2420 0.7675809597135452
2620 0.7688315737873783
2820 0.7705720543573362
3020 0.766858861711221
3220 0.7680678320806423
3420 0.7692072155905574
3620 0.7746151360822182
3820 0.7726471074481136
4020 0.7763633871108281
4220 0.7816174387051631
4420 0.7819926131947751
4620 0.781312080084034
4820 0.7826607562413844
5020 0.7830886748561183
5220 0.781576287255641
5420 0.7805770365334008
5620 0.7816530391001248
5820 0.7840360732004639
6020 0.781018399678429
6220 0.7829301005086037
6420 0.7852471781815193
6620 0.7854608939491493
6820 0.7839308968236376
7020 0.7872273268121175
7220 0.7873982567853017
7420 0.7870741239692037
7620 0.7867378346542201
7820 0.7888285410633967
8020 0.7889320509589849
8220 0.7900305401767865
