20 0.29932390538507725
40 0.45209929571504137
60 0.4165488560259277
80 0.4325662697592733
100 0.49156095259921323
120 0.5091462691075832
140 0.5287617849338953
160 0.5297761153080452
180 0.5277029556299729
200 0.5344306568535209
220 0.5807559810125789
240 0.5745437204806986
260 0.5709236309084662
280 0.5552055527570455
300 0.5688964801363664
320 0.6053091396798239
340 0.5847387499541331
360 0.5805251563509544
380 0.5830714623700545
400 0.6033072783346796
420 0.5821345482128051
440 0.6039434867739486
460 0.5889144867334828
480 0.6093164270137457
500 0.6076662516428122
520 0.5869839282060485
540 0.6105736350327672
560 0.6235214229435166
580 0.6053531756462064
600 0.6140993172318119
620 0.6274742692291625
640 0.6050761570317705
660 0.634429556964016
680 0.6227225192588774
700 0.6396606059758803
720 0.6517956178664808
740 0.6432220215484171
760 0.6466235705031748
780 0.6415751955602751
800 0.6377177378108745
820 0.6487914264149852
840 0.6287810841610177
860 0.6457342268852597
880 0.6570477581487145
900 0.6597931912885373
920 0.6494054654558702
940 0.6508910643354794
960 0.6516194140140494
980 0.6603468324956758
1000 0.6522954891270782
1020 0.6482001477476153
1040 0.6486473045086697
1060 0.6564631155117289
1080 0.6763691469424269
1100 0.671460925035337
1120 0.6590829896543733
1140 0.6574614713828805
1160 0.6534948935276199
1180 0.6714461037669177
1200 0.6567914633437824
1220 0.6854414856639688
1240 0.6502048084246026
1260 0.6707449586627922
1280 0.6663149000357035
1300 0.6597999561783984
1320 0.6763697712897784
1340 0.6756812092343815
1360 0.6771322166850697
1380 0.6609422714484317
1400 0.679457904094505
1420 0.6777639045091987
1440 0.6872686597972839
1460 0.6648982238005259
1480 0.6748574500109215
1500 0.6830720425872364
1520 0.6734316743193375
1540 0.6832973786544928
1560 0.6859595564284238
1580 0.6785880480867932
1600 0.6843921006715996
1620 0.6791777915348919
1640 0.6833416243141094
1660 0.6909672388370336
1680 0.6921124438111949
1700 0.6601092957995515
1720 0.6778695032007209
1740 0.6836706123555162
1760 0.6790281731579654
1780 0.6979078178829267
1800 0.6781471404822282
1820 0.6924826570833055
1840 0.7104946903464417
1860 0.7035510042438211
1880 0.6921288986641507
1900 0.6893433921208022
1920 0.7036679066846393
1940 0.7118365934150375
1960 0.6964924435601914
1980 0.6936388193000823
2000 0.7087012313010047
2020 0.7019742037441487
2040 0.7044198592377757
2060 0.6955000911805227
2080 0.7001479171111771
2100 0.704505615298237
2120 0.7078082519525541
2140 0.6956917611801381
2160 0.704616614581064
2180 0.7084742769935096
2200 0.7085570662550372
2220 0.6997195921787273
2240 0.7012850355794733
2260 0.7028554488819696
2280 0.6932589000182087
2300 0.7067039938870414
2320 0.6894771116208973
2340 0.7206904617221187
2360 0.6971884663625904
2380 0.7004706904024167
2400 0.7080477736012437
2600 0.7110811883488046
2800 0.7359198827616796
3000 0.7188985703863494
3200 0.7265625241589677
3400 0.7364285509580397
3600 0.7064881462809036
3800 0.73716005838115
4000 0.7430862461812576
4200 0.7319085882635635
4400 0.7503923450618702
4600 0.7463823286134184
4800 0.7496240217717091
5000 0.751696408869711
5200 0.7420647602224915
5400 0.7486281135579848
5600 0.7571325941638959
5800 0.7616091427025105
6000 0.7679756542938606
6200 0.7543737635128609
6400 0.7581536543443532
6600 0.7496218406228184
6800 0.7576034251509569
7000 0.7683930721615435
7200 0.7571594819023507
7400 0.7613870452875282
7600 0.7584066877948354
7800 0.7809037109683039
8000 0.7631426620647697
8200 0.7690011298947454
8323 0.7773863765046989
