40 0.38020195340707147
60 0.4105823105788705
80 0.420351029895732
100 0.4201743362815215
120 0.43218722528450937
140 0.46319472877504203
160 0.5270031776376722
180 0.5416992775037655
200 0.556994200213213
220 0.5517765587785282
240 0.5698859760039746
260 0.5695692298589594
280 0.5798636277669407
300 0.5946966465996868
320 0.6008117981349945
340 0.6165297977844165
360 0.6187672774289061
380 0.6276095388184884
400 0.629936229324702
420 0.6395913795443926
440 0.6416501621094324
460 0.6542475460167547
480 0.65862023192542
500 0.6628381831186458
520 0.6595368297628023
540 0.6582514255879011
560 0.6671449916143675
580 0.6754133447810583
600 0.6738373513560965
620 0.6780959426677912
640 0.6827699494337626
660 0.6887657803388412
680 0.6965040942714075
700 0.6861826769662881
720 0.6943133192243243
740 0.6904731499624384
760 0.6954667044180655
780 0.69815389269098
800 0.7020894390151189
820 0.7051603598145857
840 0.7058633749427905
860 0.7045538962791648
880 0.7044899609656177
900 0.702992767498523
920 0.7080550390434016
940 0.7063174835573736
960 0.716983010173057
980 0.7214686215863833
1000 0.7191786832321295
1020 0.7198117051782597
1040 0.7177860199984161
1060 0.7251096098522979
1080 0.7280125737106922
1100 0.7278507339176465
1120 0.7248494103851678
1140 0.7300240320788366
1160 0.7356343788754093
1180 0.7384743118244961
1200 0.7403815742589043
1220 0.7410517410601845
1240 0.7426730782213754
1260 0.7433537440208698
1280 0.741694714940935
1300 0.7508769947156089
1320 0.7468366291449768
1340 0.7456948503859948
1360 0.7508351778503711
1380 0.7545203691947493
1400 0.7527904740625563
1420 0.7581727454977013
1440 0.753710743631881
1460 0.7576355248465745
1480 0.7629875642896757
1500 0.7542986853908963
1520 0.7595702879214099
1540 0.7553226959958601
1560 0.7594048772635205
1580 0.7613323025421921
1600 0.7584532237690039
1620 0.7626074807435449
1640 0.7608224532520749
1660 0.7594819957159565
1680 0.7586389067544874
1700 0.7610404563073432
1720 0.7586968638501639
1740 0.7623740453035057
1760 0.7649709062125629
1780 0.7682921831414542
1800 0.7641056883402271
1820 0.7651960827638802
1840 0.7676192599389061
1860 0.7694526369799184
1880 0.7673675713580822
1900 0.7677672332112867
1920 0.7638033011124357
1940 0.7644152710049562
1960 0.7667193532613115
1980 0.7655133797568404
2000 0.7694850553468175
2020 0.771314183229943
2040 0.7641208854638177
2060 0.7709964648239533
2080 0.769418603876757
2100 0.7754505952908809
2120 0.7772623707065156
2140 0.7762335550135933
2160 0.7719966679719932
2180 0.775148268090999
2200 0.7740477649326307
2220 0.772866076997919
2240 0.7723750090418859
2260 0.7753568902120285
2280 0.7731099168372313
2300 0.7759504930977384
2320 0.7773340268235843
2340 0.7805501041345837
2360 0.7777150362491249
2380 0.7794153381763141
2400 0.7754212241991216
2420 0.7799001826086829
2620 0.7852988472660433
2820 0.7944146756130718
3020 0.7909306273092325
3220 0.7921268609749766
3420 0.7993607448924307
3620 0.7971038903430823
3820 0.7961209902239877
4020 0.7951985343927106
4220 0.7944624575452064
4420 0.7981783721560427
4620 0.7976453867807278
4820 0.7973441240546653
5020 0.7968593692610716
5220 0.7984884614981725
5420 0.7991640705341329
5620 0.7963720368094331
5820 0.7962471890278637
6020 0.7986457385183847
6220 0.795822299923207
6420 0.7968119934674704
6620 0.8016553989163879
6820 0.8008467982223889
7020 0.7987790637639312
7220 0.7963099897637361
7420 0.7960681829746163
7620 0.7975929138563911
7820 0.7963873379941111
8020 0.7970032605467607
8220 0.7994027092795937
8323 0.7974529503948413
