20 0.3857037329637557
40 0.442189099022001
60 0.49440573035703417
80 0.5214268908700687
100 0.5495620496801583
120 0.5522336042054548
140 0.5419445920637092
160 0.5673455053506278
180 0.5621315454647989
200 0.5667567544187186
220 0.5856239408123488
240 0.5928757373930309
260 0.6018496197764902
280 0.6056361323689625
300 0.6151415902747986
320 0.6104123091133131
340 0.6292113733700222
360 0.6326351584244155
380 0.638098343272712
400 0.6513024546340547
420 0.6465719204840766
440 0.6460644876654674
460 0.6502931579606294
480 0.6466637204666065
500 0.6562735083388234
520 0.6551278842894461
540 0.6559839836434145
560 0.6647752610348477
580 0.6674870975182241
600 0.6689575284351359
620 0.6696112083709337
640 0.6750218880626928
660 0.6731028620251682
680 0.6710310925619101
700 0.6758679485636722
720 0.6684306087099733
740 0.6777485184876312
760 0.6720046457144205
780 0.6703719466820731
800 0.6760335376361418
820 0.6748639934911915
840 0.6790925662197024
860 0.6836758637175486
880 0.679592771433315
900 0.6860315213186448
920 0.6870068854976311
940 0.6862062422489588
960 0.6861737639567157
980 0.6863130180145702
1000 0.6936894295086077
1020 0.6895630318185804
1040 0.6948318453027421
1060 0.6964735335157909
1080 0.6963145382322276
1100 0.694120526721852
1120 0.706387881668646
1140 0.7030761135890471
1160 0.702154734670962
1180 0.7080533686952397
1200 0.7003318087826205
1220 0.7036962882627985
1240 0.7032125158859031
1260 0.712942157968263
1280 0.7087542395348719
1300 0.7068641547170338
1320 0.7116987614421105
1340 0.7168579509325542
1360 0.7178762794495339
1380 0.716210001982715
1400 0.7195318594147602
1420 0.7191182075498741
1440 0.7171016258714782
1460 0.7086311878189963
1480 0.7265604986891874
1500 0.7184483126532307
1520 0.7175883837667706
1540 0.7252641743379659
1560 0.7282100806492123
1580 0.7306648155009371
1600 0.7325677208567515
1620 0.7313307372468638
1640 0.7364636518931403
1660 0.726652723944897
1680 0.7269878986959006
1700 0.7361907298151128
1720 0.7335292920362669
1740 0.7321268032922754
1760 0.7295527695143861
1780 0.7360597346292289
1800 0.7310650314246759
1820 0.7321946896048078
1840 0.738326341776651
1860 0.7336879965341492
1880 0.7406216117763257
1900 0.7343662668339935
1920 0.7368276871493947
1940 0.7371791466812445
1960 0.7357555527628807
1980 0.7375555718891994
2000 0.7445968974889219
2020 0.7432370191127423
2040 0.746809938290425
2060 0.7378442044706333
2080 0.739202372247588
2100 0.7423428119134394
2120 0.7481359870822146
2140 0.7407542990449262
2160 0.7467769433810507
2180 0.7441748685641539
2200 0.7467077189622033
2220 0.7446762434328459
2240 0.744418073149967
2260 0.7455205487441322
2280 0.7408237851842742
2300 0.7455412860380948
2320 0.7455426273407776
2340 0.7459728659822331
2360 0.7486031986748619
2380 0.7480481263714965
2400 0.7486070593933706
2600 0.7498909657540397
2800 0.7499281713032898
3000 0.7567784911347551
3200 0.7586492540584333
3400 0.7630609586916521
3600 0.7631052374361645
3800 0.7649516191132549
4000 0.7676656122940985
4200 0.7705700626449715
4400 0.7737686366121712
4600 0.7705104616842156
4800 0.769321256762351
5000 0.7728541676370729
5200 0.7754149430990013
5400 0.77546790143469
5600 0.7825121008766779
5800 0.7850490546996598
6000 0.7867529326340799
6200 0.7922992347242099
6400 0.7924299591196644
6600 0.7960710210365697
6800 0.7923337190314244
7000 0.7924744842118512
7200 0.7930569707261834
7400 0.7911031413684317
7600 0.7903558611172558
7800 0.7909333085704542
8000 0.7957242830809148
8200 0.7927583524824651
8323 0.7901590802992499
