40 0.33212546227274825
60 0.34891562966302736
80 0.3647360200053499
100 0.36844708207770566
120 0.3665870839901266
140 0.377536789804784
160 0.3888288726702243
180 0.39568001383346846
200 0.39504397119494217
220 0.40493060437170214
240 0.41020205392584375
260 0.40958412707056197
280 0.41765819662404896
300 0.4092804945758661
320 0.4087347717238471
340 0.42212165830079507
360 0.42285407509345935
380 0.4275370398393788
400 0.42614713563326273
420 0.4342959546320808
440 0.43325245271519264
460 0.44282580211036154
480 0.4494907516005645
500 0.4501669246602067
520 0.45259095477287914
540 0.45515721085105976
560 0.4592333561611444
580 0.4588330173183618
600 0.4635288646244155
620 0.46125249240192
640 0.4610868900507506
660 0.46360328392225725
680 0.46352870793863155
700 0.46700828400940314
720 0.46790882921721355
740 0.47024572877963144
760 0.4706863696079609
780 0.46643434189693633
800 0.47001304426287716
820 0.4712054411806842
840 0.47229551110826223
860 0.4966575427894248
880 0.4731724067907258
900 0.49788422960856993
920 0.4759649952634567
940 0.47690047763174476
960 0.4772640916080664
980 0.48075318875783885
1000 0.4788818402213849
1020 0.48135840643411365
1040 0.4822083621572146
1060 0.48122939469946135
1080 0.4840517272821442
1100 0.4850755634308245
1120 0.4844844372284721
1140 0.48283367076849865
1160 0.48106973288552296
1180 0.482492549290422
1200 0.4857059353177371
1220 0.4896797572869419
1240 0.4917583900969648
1260 0.49232228187504945
1280 0.49690789897888743
1300 0.49636577881295774
1320 0.4980718325527046
1340 0.4992835835553542
1360 0.4964296839201779
1380 0.4984047148481528
1400 0.49898572754284204
1420 0.5010988897585529
1440 0.4997220972169252
1460 0.5015985950790356
1480 0.5021693548969848
1500 0.5006199267838456
1520 0.5025873087927458
1540 0.5019360358996827
1560 0.5025484099175633
1580 0.501986736142549
1600 0.5043146077820976
1620 0.5039547280626967
1640 0.5043317108984846
1660 0.508294606471757
1680 0.5084127549185168
1700 0.5072547543506611
1720 0.5090577619980873
1740 0.5062352719219311
1760 0.507857818421297
1780 0.5069791864608775
1800 0.509119159506666
1820 0.5083567517569599
1840 0.5097731458237098
1860 0.5088770699652134
1880 0.5085451503859602
1900 0.5087591500485704
1920 0.5127108422632044
1940 0.5095788032972584
1960 0.5141388767599808
1980 0.5122737705476845
2000 0.513588662549239
2020 0.5131618499849672
2040 0.5118139160057764
2060 0.5150998689035489
2080 0.5101067782515093
2100 0.5161795114270427
2120 0.5146660831461903
2140 0.5160356746079336
2160 0.5164252053528228
2180 0.5166224779167479
2200 0.517291408956647
2220 0.517883457680617
2240 0.517293673076912
2260 0.518593539169505
2280 0.5191234267401863
2300 0.5181051548788104
2320 0.5179812566870039
2340 0.519550696599497
2360 0.5191369193418441
2380 0.5180299084621499
2400 0.5188343331988474
2420 0.5207586151424323
2620 0.5268283421862302
2820 0.5276926051120843
3020 0.5299730524154949
3220 0.5310734814431993
3420 0.5324880943900705
3620 0.5339398119684907
3820 0.5339132800896217
4020 0.5345445872340283
4220 0.5329017137184626
4420 0.5353616756071531
4620 0.535345673100524
4820 0.5364125208711555
5020 0.5371241168214309
5220 0.537505142976749
5420 0.534652149223863
5620 0.5364609581578544
5820 0.5359927366285581
6020 0.5357165702905652
6220 0.5362762280649643
6420 0.5358293374817349
6620 0.53496230287736
6820 0.5345368322972172