20 0.28912811740241645
40 0.31975694214717365
60 0.3018647561901066
80 0.3092185516004584
100 0.32451721469856787
120 0.3377850329995545
140 0.3384173334377142
160 0.34459291930428787
180 0.34749101118211134
200 0.36538155438462916
220 0.36592475988446244
240 0.3642461254028356
260 0.3754282964408257
280 0.3779156662792276
300 0.38427135471245283
320 0.3815696930894408
340 0.3865618574573177
360 0.38760457866272574
380 0.3848581734895598
400 0.38579710026830166
420 0.392607322185019
440 0.394361655169645
460 0.39577822874565305
480 0.3969589505704178
500 0.3936585317685892
520 0.3938750773199336
540 0.40190914983466713
560 0.3982853748144065
580 0.4002299425674366
600 0.4212388441860303
620 0.3956023142830163
640 0.3953032338946916
660 0.3979780602121228
680 0.39627129513871906
700 0.3958664047143855
720 0.4009471724872639
740 0.3992190887087256
760 0.39931977284725584
780 0.4019487487578751
800 0.4037405753822796
820 0.40791218039387517
840 0.4095684492917978
860 0.4125903253042552
880 0.41236472648394723
900 0.4142591364574705
920 0.4123110530983659
940 0.4172529099013925
960 0.418835200149949
980 0.41915100339574984
1000 0.42180032477262447
1020 0.4210393639248429
1040 0.4207836583243129
1060 0.4202261689128638
1080 0.42345010908739483
1100 0.4240048067656832
1120 0.4220660394008544
1140 0.42400431937480776
1160 0.4233881664307685
1180 0.42514080279299704
1200 0.42512922289665395
1220 0.4254055479029143
1240 0.4264343879896698
1260 0.42746317683770696
1280 0.42551423298810964
1300 0.4263983123625721
1320 0.42747659778259844
1340 0.42913198841419176
1360 0.4295624653005824
1380 0.43084421655084726
1400 0.4301176741347403
1420 0.43182680879485524
1440 0.43214134623891576
1460 0.4279339020035626
1480 0.43014386093913176
1500 0.4553110450930987
1520 0.4298453726093941
1540 0.45244654696911196
1560 0.43001364951053467
1580 0.433007567631518
1600 0.43171133275381646
1620 0.4310055565370698
1640 0.4321699529608556
1660 0.4323917003233805
1680 0.436976477968764
1700 0.4340745787829202
1720 0.4357571606848862
1740 0.4382585835143882
1760 0.4610738090975307
1780 0.46285642538760274
1800 0.4652848643260194
1820 0.4647899822136392
1840 0.46565502747142606
1860 0.4650748276473029
1880 0.46237987268268244
1900 0.43979148427794185
1920 0.44327652486740726
1940 0.44315109156801175
1960 0.44431968249747356
1980 0.44435222005608827
2000 0.442689692526258
2020 0.4416376268875944
2040 0.4420039823403291
2060 0.4429116565963217
2080 0.44274032591082185
2100 0.44332988167101306
2120 0.44385187745047927
2140 0.44381832318984454
2160 0.44430592345524494
2180 0.445577701796902
2200 0.44310241023092284
2220 0.447062393170897
2240 0.4434850346445517
2260 0.44497919700988
2280 0.4461643111608504
2300 0.4436013363717222
2320 0.44890736722703034
2340 0.44573951622812097
2360 0.4467200983947849
2380 0.44590267361368024
2400 0.4731392148104082
2600 0.4485982517323729
2800 0.45125233914078233
3000 0.454110458318277
3200 0.45610852656219447
3400 0.4541976083459812
3600 0.4532228002568779
3800 0.45522726182731593
4000 0.45219096657268515
4200 0.4534772283161263
4400 0.45491691758963865
4600 0.45919701843842003
4800 0.46157815751142756
5000 0.46404247530224896
5200 0.47027077932558714
5400 0.47374990295350283
5600 0.4773096152485541
5800 0.4796606802464862
6000 0.4782368091042887
6200 0.4801014704136698
6400 0.4937258685795697
6600 0.49749485231612656
6800 0.5008109857680066