40 0.2640007381418244
60 0.28620406771097406
80 0.2868737515687648
100 0.3121488077415798
120 0.3276836120636454
140 0.33561429190493197
160 0.3363856672386245
180 0.33676584365921947
200 0.3400477203983501
220 0.35433236456931433
240 0.3565521022870182
260 0.36252977827309996
280 0.3613557132080454
300 0.3642931292565905
320 0.36636658824990437
340 0.3747392939701788
360 0.37595226648963176
380 0.3765374808175796
400 0.38286808770512953
420 0.38571937971837644
440 0.3816505640034902
460 0.38117405324407794
480 0.38219860012511364
500 0.38181987208782237
520 0.38704865382272924
540 0.39527623673686185
560 0.3939495032926505
580 0.39984260234349994
600 0.4026229825087368
620 0.4055760581119011
640 0.41380906081382035
660 0.4165643188247381
680 0.420561768863153
700 0.4198532087996784
720 0.4234601728048327
740 0.42742345554403854
760 0.42422416461348245
780 0.42983567771350095
800 0.43229731924346954
820 0.4352803287690311
840 0.43480525556268246
860 0.4362953850408947
880 0.4386094380290111
900 0.4440200254054041
920 0.4447573302987658
940 0.44877650881576103
960 0.455436929506595
980 0.45446921881680175
1000 0.4529164127566973
1020 0.45444302588238955
1040 0.45573149586765205
1060 0.4561800688676226
1080 0.4591981168796476
1100 0.4619866823176005
1120 0.46649449698115464
1140 0.4673541090740627
1160 0.4707587477729457
1180 0.4733651149437167
1200 0.4753400204422998
1220 0.4743141719363656
1240 0.47581111198424275
1260 0.4778519778383258
1280 0.4794574558104025
1300 0.4777894180890872
1320 0.48108257099640755
1340 0.482534027624053
1360 0.4815975284717869
1380 0.4849025734842655
1400 0.48723808604041663
1420 0.48731139930393824
1440 0.48917216596214175
1460 0.4857895099611482
1480 0.48746686524533167
1500 0.48767577013008595
1520 0.4910356151748762
1540 0.4903478086639855
1560 0.4903604354237558
1580 0.49090880823233785
1600 0.4927609210337347
1620 0.4925129038552739
1640 0.49230072047795725
1660 0.49277620069289313
1680 0.49525279318839854
1700 0.49506256518689307
1720 0.4953965133781438
1740 0.4967971200964706
1760 0.4973405744914837
1780 0.49857717625925607
1800 0.4968751320920842
1820 0.4983502712224299
1840 0.4974818512072372
1860 0.4974725422327657
1880 0.4996587386517142
1900 0.5010445913008837
1920 0.5011067973186826
1940 0.5022094364332651
1960 0.5014061767449594
1980 0.5021225834446119
2000 0.5017781352118404
2020 0.4997045123627971
2040 0.49989133812710856
2060 0.5020867981320961
2080 0.5031669987815717
2100 0.5045495224072126
2120 0.5042083819644928
2140 0.50352491876259
2160 0.5036437011957736
2180 0.5054843321903201
2200 0.503946463335568
2220 0.5053974258763845
2240 0.5055177508812163
2260 0.5054418755406107
2280 0.5050263607941603
2300 0.5070552351071158
2320 0.5083102294027914
2340 0.5069019523663003
2360 0.5078415506602819
2380 0.5088801100807329
2400 0.5087842257881947
2420 0.5083755016051869
2620 0.51764855203249
2820 0.5182446463287671
3020 0.5196245862349167
3220 0.5223468032292943
3420 0.5273587799714785
3620 0.5268651464598972
3820 0.5278871145477918
4020 0.5291549312518309
4220 0.5288740242487309
4420 0.5299927664451806
4620 0.5305157409578279
4820 0.5335352676704025
5020 0.5312745073633032
5220 0.5314894931460008
5420 0.5307774585879759
5620 0.5330367079223641
5820 0.5320274636123694
6020 0.5328078370796676
6220 0.5346239933889512
6420 0.5337578660017624
6620 0.5341212634880133
6820 0.5347398670329456