40 0.4868553714635875
60 0.5211498723175242
80 0.5592832536608758
100 0.5907250339752147
120 0.6012466252080313
140 0.6123362981053401
160 0.6201650315369542
180 0.6140272059119882
200 0.6266182014272335
220 0.6427134122113533
240 0.6411802393163984
260 0.6400464146528808
280 0.6465873605228523
300 0.6500316623207648
320 0.6563622993983305
340 0.6689820858694974
360 0.6647371192557248
380 0.6740825298059855
400 0.6802906685148697
420 0.6808100037436317
440 0.6877763580981523
460 0.6862756395308574
480 0.7024917535576058
500 0.7075693691130984
520 0.7095901708723633
540 0.7201835208314713
560 0.7207262882389585
580 0.7242263092120709
600 0.7288947057583471
620 0.7228784020588725
640 0.7252625453362825
660 0.7259864685043586
680 0.7370042054829589
700 0.7241919758681866
720 0.735282138271867
740 0.7398445228929963
760 0.7338854264407202
780 0.7390206213971703
800 0.7391879255723601
820 0.7471440795052919
840 0.7483846067464899
860 0.7457667046322104
880 0.7518021382063554
900 0.7598560332496093
920 0.7513474347180265
940 0.7552871993407242
960 0.7529446309319923
980 0.7563289156798277
1000 0.7586092693099568
1020 0.7589598822942872
1040 0.7601928674843814
1060 0.7570624790235968
1080 0.7651409781261882
1100 0.7591761085107854
1120 0.7616277808077737
1140 0.7628460840019878
1160 0.7705578184101985
1180 0.7676554153275738
1200 0.7642102867622655
1220 0.7710911537137204
1240 0.7664457306410727
1260 0.7688373985189279
1280 0.7732433214404641
1300 0.764649734914541
1320 0.7711925175537339
1340 0.7711685784108786
1360 0.7699117112210865
1380 0.7682650801068023
1400 0.7664685151336456
1420 0.770386958898357
1440 0.7701537562530154
1460 0.7738455913328551
1480 0.7698973884404151
1500 0.7738989251902755
1520 0.7773622564466348
1540 0.7771974094395198
1560 0.7707948482596185
1580 0.7710303734989424
1600 0.7746390893624185
1620 0.7756824231522461
1640 0.7702938513158537
1660 0.7705765579701458
1680 0.7754605116245694
1700 0.7738756764956842
1720 0.7695547904205211
1740 0.7685556977868075
1760 0.7723989590000255
1780 0.773034553464139
1800 0.7695849692651292
1820 0.7716208553667327
1840 0.7721713796437265
1860 0.7749749753132833
1880 0.7738854261088889
1900 0.7740072221849746
1920 0.7772259020551582
1940 0.7746620514470389
1960 0.776991726323444
1980 0.7735432695375214
2000 0.7760706942144435
2020 0.7804619489321915
2040 0.7742511599583887
2060 0.7755546877790422
2080 0.7746612883625832
2100 0.781271730987254
2120 0.7754873496759831
2140 0.7784859764415175
2160 0.7829666552097804
2180 0.7805531711894864
2200 0.7802175816146781
2220 0.7770655626298483
2240 0.7771814599195672
2260 0.7767503705955852
2280 0.7802722040258723
2300 0.7824074596527665
2320 0.7816644781977146
2340 0.7804853293301136
2360 0.781930707570512
2380 0.7833042430758707
2400 0.7850992708966333
2420 0.7874887015848638
2620 0.784537707088224
2820 0.7845393242367239
3020 0.7903707634021822
3220 0.7912172618210511
3420 0.7894691337499751
3620 0.7957910265534415
3820 0.7972320804100198
4020 0.798152315361401
4220 0.8029580071706661
4420 0.7998073303308484
4620 0.8001394686657431
4820 0.8004176265742055
5020 0.7976461612264466
5220 0.7927814617150765
5420 0.8009438104278828
5620 0.7975815492058304
5820 0.8005414472284499
6020 0.7980931200395653
6220 0.7991871220902477
6420 0.7990528913542371
6620 0.8012713058717212
6820 0.7958449211125402
7020 0.7961041177252173
7220 0.7968729529932305
7420 0.7970984375592544
7620 0.7949471967925875
7820 0.7973147419256318
8020 0.797711509080659
8220 0.7998367751505795
8323 0.7974529503948413
