20 0.22090606887368186
40 0.28759747405900776
60 0.32729039045567804
80 0.35238642282556276
100 0.3518621346152807
120 0.35821039184790443
140 0.3747562487030065
160 0.36065935528103416
180 0.38715903040762806
200 0.3999711637176632
220 0.3897619869020218
240 0.39445812552267956
260 0.3906398516650482
280 0.4048422488667828
300 0.38979285763531624
320 0.39799525424725846
340 0.4097807569636158
360 0.4121252773461683
380 0.41205920749298997
400 0.40374809119150085
420 0.4065514088212273
440 0.41286316892019265
460 0.4064355297504059
480 0.42500342721859324
500 0.41404463810154307
520 0.42512964238716255
540 0.4328863501937126
560 0.41787290788738174
580 0.42472343995001793
600 0.42816582349676824
620 0.42748455681483677
640 0.4375245700127376
660 0.43687543634190007
680 0.433735032623904
700 0.4409393555577909
720 0.4331303894255236
740 0.4383635104977634
760 0.44407100805479743
780 0.4338805370163893
800 0.4295264628397257
820 0.4403092034456612
840 0.4441346901387102
860 0.43509480062228667
880 0.4395608439330706
900 0.44390172080610485
920 0.4403975144496335
940 0.43849110043605327
960 0.4484630531214802
980 0.450981677122476
1000 0.44596004332812167
1020 0.4480896262027936
1040 0.45357353449674415
1060 0.4465197911605799
1080 0.45020661219076796
1100 0.4558919764328764
1120 0.4557208699657578
1140 0.4430932321302433
1160 0.4541194480797571
1180 0.44565929019722905
1200 0.45397907353192785
1220 0.454824691884411
1240 0.4524183938831675
1260 0.4497857144315405
1280 0.4610901403031684
1300 0.45089900181439224
1320 0.45012595806813427
1340 0.4580412809992367
1360 0.46339914034953245
1380 0.4595761448048921
1400 0.46940077147382375
1420 0.45704908981812975
1440 0.46274887338111853
1460 0.4554025985334043
1480 0.4607422009039681
1500 0.45675813450315217
1520 0.4636946221243258
1540 0.46241757384769266
1560 0.4563164539504268
1580 0.4674062105937064
1600 0.46207218767371167
1620 0.46614325005503376
1640 0.4696557409170789
1660 0.4589102396796265
1680 0.45945656845345995
1700 0.46758990045872906
1720 0.46677343644286984
1740 0.4677348676862607
1760 0.46750649831392793
1780 0.46446850842848236
1800 0.46600220319495805
1820 0.4662544207341274
1840 0.4675058370366878
1860 0.4656121006530821
1880 0.4719252610646146
1900 0.46788025596590443
1920 0.4690765176140116
1940 0.4680361797434233
1960 0.4676141669936259
1980 0.4681562379951658
2420 0.47564653963100556
2620 0.47743912631677665
2820 0.4822952299408132
3020 0.4880644264767109
3220 0.48598140001549506
3420 0.4847411044612567
3620 0.48690837844898205
3820 0.4891036711292818
4020 0.4892827829917522
4220 0.49089404811447707
4420 0.49495417289729515
4620 0.4909356721045058
4820 0.49525394492913055
5020 0.4963092736434664
5220 0.49428843756285357
5420 0.49637579906972684
5620 0.4976593923992733
5820 0.49643099216039527
6020 0.5049912348037431
6220 0.49964020703811385
6420 0.5003772786551024
6620 0.5054142059557498
6820 0.5060360737160112
7020 0.5064755546676524
