20 0.2414742802426375
40 0.2530633707565389
60 0.2366337802116929
80 0.25299319614188365
100 0.2388903137186594
120 0.2950509570692725
140 0.30213818361880534
160 0.3035983546011238
180 0.3003292541882416
200 0.30878507351627393
220 0.31222050552989117
240 0.340261883265669
260 0.3608902178670617
280 0.3677505775538719
300 0.37671051972820163
320 0.37650121247674706
340 0.3766752572695429
360 0.3862141464312228
380 0.3842211022700214
400 0.3921529454185794
420 0.3918861839387602
440 0.3942850332671432
460 0.39606600601592634
480 0.4019110728275251
500 0.4007147615364984
520 0.4034843700125001
540 0.40615699087725227
560 0.4060251263910306
580 0.4120911635003299
600 0.41416285572636563
620 0.41587691393511644
640 0.4169656863162367
660 0.4208199061788192
680 0.422201336930152
700 0.4277307621212075
720 0.42924577495254945
740 0.43175133572758373
760 0.4304505440490076
780 0.43488868447876866
800 0.4376643970040634
820 0.43810062928591736
840 0.44024574339848466
860 0.4395660574980019
880 0.44159082776041575
900 0.44792340750164483
920 0.4481974744405333
940 0.44547617155322966
960 0.4460742733864639
980 0.44796864637210154
1000 0.44930593022254905
1020 0.45227604925886855
1040 0.45258593374151257
1060 0.45221583021895684
1080 0.4533485168040328
1100 0.45461989499975103
1120 0.45734726841804957
1140 0.458117471986998
1160 0.4621046007750921
1180 0.46542149711611513
1200 0.46601864362690093
1220 0.46874949210835365
1240 0.46814630024395254
1260 0.4660013264523156
1280 0.46673923534706085
1300 0.4671340226913506
1320 0.46952507757771744
1340 0.4701376039236409
1360 0.4708913129567267
1380 0.4687099499979026
1400 0.4710090247169285
1420 0.47195299650409017
1440 0.4716966718700216
1460 0.4736383164154809
1480 0.4732047333388631
1500 0.4760394814108329
1520 0.4761095031326835
1540 0.47567942662672624
1560 0.47950129817697695
1580 0.4798679849072015
1600 0.47963732302856615
1620 0.4779736575071027
1640 0.47801143171240523
1660 0.47848737467375047
1680 0.47967777042280657
1700 0.4794954365545256
1720 0.479893729817874
1740 0.4818206610606137
1760 0.48205145282372447
1780 0.483200966984853
1800 0.48377522415626006
1820 0.4847883676593775
1840 0.48347287653816967
1860 0.4848070235062642
1880 0.48597982034619003
1900 0.4866050916623836
1920 0.4882296092217193
1940 0.4872374655250359
1960 0.4874949565161139
1980 0.4882953754536814
2000 0.48940229791951595
2020 0.4902249830951245
2040 0.4883757526988534
2060 0.4900490121152934
2080 0.4894720069487812
2100 0.49136167436527733
2120 0.4905110471014955
2140 0.490781086036275
2160 0.49116152237930133
2180 0.4930112105994845
2200 0.494100391603316
2220 0.49369206351938866
2240 0.49500754875239344
2260 0.4961666352268127
2280 0.4960616654507649
2300 0.4976847950699861
2320 0.4986640461798196
2340 0.49802609234843076
2360 0.4991953837272133
2380 0.4987738989127138
2400 0.49954622124984543
2420 0.5002286384655426
2620 0.504508063311221
2820 0.5073456181675475
3020 0.5111530515967156
3220 0.5131458126670203
3420 0.5129597579603541
3620 0.5159130600985975
3820 0.515986090173094
4020 0.515620231238483
4220 0.5155523189715293
4420 0.5169027981921184
4620 0.5186383522107633
4820 0.519849791140282
5020 0.5204860257419556
5220 0.5190230139610263
5420 0.5194747822547648
5620 0.5197331317618009
5820 0.5197080320811605
6020 0.5198795085996993
6220 0.5201786984731143
6420 0.5189472593136505
6620 0.5197816219844709
6820 0.5216029757548892
7020 0.5213641275928036
